1,21.0,36.0
2,21.0,35.0
3,21.0,37.0
4,21.0,38.0
5,21.0,38.0
6,21.0,39.0
7,21.0,40.0
8,21.0,36.0
9,21.0,36.0
10,21.0,35.0
11,21.0,37.0
12,21.0,34.0
13,21.0,35.0
14,21.0,38.0
15,21.0,37.0
16,21.0,34.0
17,21.0,38.0
18,21.0,36.0
19,21.0,35.0
20,21.0,37.0
21,21.0,34.0
22,21.0,33.0
23,20.0,34.0
24,21.0,31.0
25,21.0,33.0
26,21.0,32.0
27,21.0,34.0
28,21.0,32.0
29,21.0,34.0
30,20.0,33.0
31,20.0,34.0
32,20.0,32.0
33,21.0,34.0
34,20.0,35.0
35,21.0,37.0
36,21.0,32.0
37,21.0,34.0
38,21.0,37.0
39,21.0,35.0
40,21.0,38.0
41,21.0,36.0
42,21.0,38.0
43,21.0,36.0
44,21.0,39.0
45,21.0,36.0
46,21.0,39.0
47,21.0,37.0
48,21.0,39.0
49,21.0,37.0
50,21.0,40.0
51,21.0,36.0
52,21.0,40.0
53,21.0,37.0
54,21.0,40.0
55,21.0,38.0
56,21.0,41.0
57,21.0,38.0
58,21.0,41.0
59,21.0,38.0
60,21.0,41.0
61,21.0,40.0
62,21.0,41.0
63,21.0,39.0
64,21.0,42.0
65,21.0,41.0
66,21.0,41.0
67,21.0,41.0
68,21.0,42.0
69,21.0,37.0
70,21.0,41.0
71,21.0,39.0
72,20.0,33.0
73,21.0,40.0
74,21.0,41.0
75,21.0,41.0
76,21.0,42.0
77,21.0,41.0
78,21.0,42.0
79,21.0,41.0
80,21.0,42.0
81,20.0,42.0
82,21.0,41.0
83,20.0,42.0
84,21.0,43.0
85,20.0,42.0
86,20.0,42.0
87,20.0,42.0
88,21.0,41.0
89,21.0,42.0
90,21.0,42.0
91,21.0,43.0
92,21.0,40.0
93,20.0,42.0
94,20.0,41.0
95,21.0,40.0
96,21.0,43.0
97,21.0,42.0
98,20.0,43.0
99,20.0,43.0
100,20.0,43.0
101,20.0,43.0
102,20.0,43.0
103,21.0,43.0
104,20.0,43.0
105,21.0,42.0
106,20.0,42.0
107,20.0,43.0
108,20.0,43.0
109,21.0,44.0
110,20.0,44.0
111,20.0,44.0
112,20.0,43.0
113,20.0,42.0
114,20.0,42.0
115,20.0,42.0
116,20.0,41.0
117,20.0,41.0
118,20.0,41.0
119,19.0,40.0
120,19.0,40.0
121,19.0,40.0
122,19.0,40.0
123,19.0,40.0
124,19.0,40.0
125,19.0,40.0
126,19.0,41.0
127,19.0,40.0
128,19.0,41.0
129,19.0,37.0
130,19.0,41.0
131,19.0,41.0
132,19.0,41.0
133,19.0,41.0
134,19.0,41.0
135,19.0,41.0
136,19.0,40.0
137,19.0,41.0
138,19.0,39.0
139,19.0,41.0
140,19.0,42.0
141,19.0,38.0
142,19.0,42.0
143,19.0,42.0
144,19.0,42.0
145,19.0,42.0
146,19.0,38.0
147,19.0,42.0
148,18.0,43.0
149,18.0,43.0
150,18.0,43.0
151,18.0,40.0
152,18.0,43.0
153,18.0,43.0
154,18.0,43.0
155,18.0,43.0
156,18.0,43.0
157,18.0,43.0
158,18.0,43.0
159,18.0,43.0
160,18.0,43.0
161,18.0,43.0
162,18.0,43.0
163,18.0,43.0
164,17.0,43.0
165,18.0,43.0
166,18.0,41.0
167,17.0,43.0
168,17.0,44.0
169,17.0,43.0
170,17.0,43.0
171,17.0,43.0
172,17.0,43.0
173,17.0,43.0
174,17.0,44.0
175,17.0,44.0
176,17.0,44.0
177,17.0,43.0
178,17.0,44.0
179,17.0,43.0
180,17.0,44.0
180,17.0,44.0
181,17.0,43.0
182,17.0,44.0
183,17.0,44.0
184,17.0,44.0
185,17.0,44.0
186,17.0,44.0
187,17.0,44.0
188,17.0,44.0
189,17.0,44.0
190,17.0,43.0
191,17.0,44.0
192,17.0,43.0
193,17.0,43.0
194,17.0,44.0
195,17.0,44.0
196,17.0,44.0
197,17.0,44.0
198,17.0,42.0
199,17.0,44.0
200,17.0,44.0
201,17.0,44.0
202,17.0,44.0
203,17.0,44.0
204,17.0,44.0
205,17.0,44.0
206,17.0,40.0
207,16.0,45.0
208,17.0,44.0
209,16.0,45.0
210,17.0,43.0
210,16.0,45.0
211,16.0,45.0
211,16.0,43.0
212,16.0,44.0
213,16.0,45.0
214,16.0,45.0
215,16.0,45.0
216,16.0,44.0
217,16.0,45.0
218,16.0,45.0
219,16.0,45.0
220,16.0,45.0
221,16.0,45.0
222,16.0,45.0
223,16.0,45.0
224,16.0,45.0
225,16.0,45.0
226,16.0,45.0
227,16.0,45.0
228,16.0,45.0
229,16.0,43.0
230,16.0,45.0
231,16.0,45.0
232,16.0,45.0
233,16.0,43.0
234,16.0,45.0
235,16.0,45.0
236,16.0,45.0
237,16.0,42.0
238,16.0,45.0
239,16.0,45.0
240,16.0,43.0
240,16.0,45.0
241,16.0,45.0
242,16.0,44.0
243,16.0,45.0
244,16.0,45.0
245,16.0,45.0
246,16.0,45.0
247,16.0,45.0
248,16.0,45.0
249,16.0,45.0
250,15.0,45.0
251,15.0,43.0
252,15.0,43.0
253,15.0,45.0
254,15.0,44.0
255,15.0,44.0
256,15.0,45.0
257,15.0,44.0
258,15.0,45.0
259,15.0,45.0
260,15.0,43.0
261,15.0,45.0
262,15.0,45.0
263,15.0,45.0
264,15.0,45.0
265,15.0,45.0
266,15.0,44.0
267,15.0,45.0
268,15.0,44.0
269,15.0,44.0
270,15.0,45.0
270,15.0,45.0
271,15.0,45.0
272,15.0,45.0
271,15.0,44.0
272,15.0,45.0
273,15.0,45.0
274,15.0,45.0
275,15.0,45.0
276,15.0,45.0
277,15.0,45.0
278,15.0,45.0
279,15.0,45.0
280,15.0,45.0
281,15.0,45.0
282,15.0,45.0
283,15.0,45.0
284,15.0,45.0
285,15.0,44.0
286,15.0,44.0
287,15.0,45.0
288,15.0,42.0
289,15.0,44.0
290,15.0,42.0
291,14.0,46.0
292,14.0,46.0
293,15.0,42.0
294,14.0,46.0
295,14.0,46.0
296,14.0,45.0
297,14.0,46.0
298,14.0,43.0
299,14.0,46.0
300,14.0,45.0
300,14.0,46.0
301,11.0,48.0
302,11.0,47.0
303,12.0,49.0
304,12.0,49.0
305,12.0,50.0
306,13.0,48.0
307,13.0,49.0
308,13.0,50.0
309,13.0,50.0
310,13.0,50.0
311,14.0,50.0
312,14.0,49.0
313,14.0,50.0
314,14.0,50.0
315,14.0,50.0
316,14.0,50.0
317,15.0,50.0
318,15.0,50.0
319,15.0,49.0
320,15.0,50.0
321,15.0,51.0
322,16.0,49.0
323,15.0,49.0
324,16.0,51.0
325,16.0,50.0
326,16.0,49.0
327,16.0,50.0
328,16.0,49.0
329,16.0,48.0
330,17.0,48.0
330,17.0,48.0
331,20.0,45.0
331,20.0,43.0
331,20.0,45.0
332,25.0,41.0
333,25.0,42.0
334,25.0,42.0
335,25.0,42.0
336,25.0,42.0
337,25.0,42.0
338,25.0,42.0
339,25.0,43.0
340,25.0,42.0
341,25.0,43.0
342,25.0,42.0
343,25.0,43.0
344,25.0,43.0
345,25.0,43.0
346,25.0,42.0
347,25.0,42.0
348,25.0,43.0
349,25.0,43.0
350,25.0,43.0
351,25.0,43.0
352,25.0,43.0
353,25.0,43.0
354,25.0,43.0
355,25.0,43.0
356,25.0,43.0
357,25.0,43.0
358,25.0,42.0
359,25.0,42.0
360,25.0,43.0
360,25.0,43.0
361,24.0,44.0
362,25.0,42.0
363,24.0,44.0
364,25.0,43.0
365,25.0,43.0
366,25.0,42.0
367,24.0,44.0
368,24.0,44.0
369,25.0,43.0
370,24.0,45.0
371,25.0,44.0
